cam0:
  T_cam_imu:
  - [0.71124799888717, 0.7029339760807293, 0.0031795204564256108, -0.0014260242204464724]
  - [0.00416688415530686, 0.0003070056276507638, -0.9999912713738959, -0.0032859132936448906]
  - [-0.7029288165635497, 0.7112550393627319, -0.00271068730884394, -0.035301149705844394]
  - [0.0, 0.0, 0.0, 1.0]
  T_imu_cam:
  - [0.71124799888717, 0.004166884155306852, -0.7029288165635496, -0.023786246492865704]
  - [0.7029339760807293, 0.0003070056276507513, 0.7112550393627318, 0.026111530292719027]
  - [0.0031795204564256264, -0.999991271373896, -0.002710687308843937, -0.0033770409174513046]
  - [0.0, 0.0, 0.0, 1.0]
  T_cn_cnm1:
  - [-7.500786577377496e-05, -0.00948752153510769, -0.9999549896415041, -0.032484259141065654]
  - [0.00453817330265387, 0.9999446921268554, -0.009487764246834186, -0.00017174786408457072]
  - [0.9999896996253985, -0.004538680694793722, -3.1947700309231664e-05, -0.03274661600289466]
  - [0.0, 0.0, 0.0, 1.0]
  distortion_coeffs: [-0.06727585259390413, 0.5842755541669968, 0.0017763603612335093,
    -0.0010270945769683538, 0.0]
  intrinsics: [3.2002462594632917, 1661.0508677925284, 1661.1166401802136, 524.1186764831461,
    630.1494276574698]
  resolution: [1088, 1280]
  camera_model: omni
  distortion_model: radtan
  timeshift_cam_imu: 0.0
  rostopic: /fisheye/left/image_raw
cam1:
  T_cam_imu:
  - [0.7093898564024407, -0.7047018790544834, 0.012700129542837113, 0.0026898071959786315]
  - [0.007482150850715463, -0.01048856791390132, -0.9999170002364007, -0.003102018160857088]
  - [0.7047765951363394, 0.7094260014971226, -0.0021677979224414, -0.03410755031186868]
  - [0.0, 0.0, 0.0, 1.0]
  T_imu_cam:
  - [0.7093898564024407, 0.007482150850715555, 0.7047765951363397, 0.022153291004555868]
  - [-0.7047018790544836, -0.010488567913901395, 0.709426001497123, 0.026059759495761052]
  - [0.012700129542837002, -0.9999170002364012, -0.0021677979224414166, -0.003209859870622876]
  - [0.0, 0.0, 0.0, 1.0]
  T_cn_cnm1:
  - [0.009233602323441267, -0.009960420778262596, -0.9999077610490142, -0.03262764810733889]
  - [-0.005230362484147922, 0.9999362295412227, -0.010009003904866618, -0.0001771023802466242]
  - [0.9999436903628208, 0.005322299202710417, 0.009180916881220025, -0.032340020855364957]
  - [0.0, 0.0, 0.0, 1.0]
  distortion_coeffs: [-0.02640093689288034, 0.23328238758681083, -0.0024424058680013743,
    -0.0018771372316294687, 0.0]
  intrinsics: [3.2028378956077965, 1665.6437794242734, 1666.3514138875382, 533.9942271479417,
    633.852170385798]
  resolution: [1088, 1280]
  camera_model: omni
  distortion_model: radtan
  timeshift_cam_imu: 0.0
  rostopic: /fisheye/right/image_raw
cam2:
  T_cam_imu:
  - [-0.7065011537256353, -0.7073905325075598, 0.0213249690039079, 0.0016108334118632023]
  - [-0.013862735125668546, -0.016293758174488415, -0.9997711428218895, -0.0031588086464517367]
  - [0.7075761049944962, -0.7066350882621258, 0.001705191366244363, -0.03001748211713578]
  - [0.0, 0.0, 0.0, 1.0]
  T_imu_cam:
  - [-0.7065011537256349, -0.013862735125668659, 0.7075761049944959, 0.02233391901454759]
  - [-0.7073905325075597, -0.01629375817448814, -0.706635088262126, -0.020123386684454916]
  - [0.021324969003908005, -0.9997711428218893, 0.0017051913662446416, -0.003141251151654617]
  - [0.0, 0.0, 0.0, 1.0]
  T_cn_cnm1:
  - [-0.002414484637312422, -0.01918983360304443, -0.9998129427799101, -0.03254336955064838]
  - [-0.011049064704751758, 0.999755337167154, -0.019162045165906944, -0.0006813999999682308]
  - [0.9999360421712413, 0.011000731433750926, -0.002625923615814707, -0.03276255663203761]
  - [0.0, 0.0, 0.0, 1.0]
  distortion_coeffs: [-0.07102623412836778, 0.5022051024380522, 0.0033234459205618693,
    0.0029342533636865275, 0.0]
  intrinsics: [3.178424138895726, 1644.2718112123594, 1644.5035096625961, 556.1338717420991,
    615.5159572786051]
  resolution: [1088, 1280]
  camera_model: omni
  distortion_model: radtan
  timeshift_cam_imu: 0.0
  rostopic: /fisheye/bright/image_raw
cam3:
  T_cam_imu:
  - [-0.7029560152854226, 0.7111963808368087, -0.007249031567427899, -0.002570969624624178]
  - [0.0006090424371134051, -0.009590272104231468, -0.9999538268081565, -0.0033970646515438267]
  - [-0.7112330628151016, -0.7029279725303239, 0.006308390686842524, -0.031027208899433077]
  - [0.0, 0.0, 0.0, 1.0]
  T_imu_cam:
  - [-0.7029560152854227, 0.0006090424371133768, -0.7112330628151017, -0.02387278642235903]
  - [0.7111963808368087, -0.009590272104231594, -0.702927972530324, -0.020014007527043208]
  - [-0.007249031567427831, -0.9999538268081565, 0.006308390686842416, -0.003219813082533867]
  - [0.0, 0.0, 0.0, 1.0]
  T_cn_cnm1:
  - [-0.006608936113555111, 0.005404203775492195, -0.9999635576084761, -0.032559641092202427]
  - [-0.014970205855805687, 0.9998727987776203, 0.0055026540181459015, -4.9367483051683604e-05]
  - [0.9998660984852331, 0.015006026994563618, -0.006527193405796994, -0.03278635536177676]
  - [0.0, 0.0, 0.0, 1.0]
  distortion_coeffs: [-0.04955731623302609, 0.3067629493224945, 0.002155258498428722,
    -0.00019934906504242374, 0.0]
  intrinsics: [3.1845362371596004, 1641.6891707779432, 1642.1307819719855, 531.0851532091158,
    629.7327211210284]
  resolution: [1088, 1280]
  camera_model: omni
  distortion_model: radtan
  timeshift_cam_imu: 0.0
  rostopic: /fisheye/bleft/image_raw
